#[Interval percentile log between 0.000 and <Infinite> seconds (relative to StartTime)]
#[StartTime: 1664032450.192 (seconds since epoch), Sat Sep 24 23:14:10 CST 2022]
Time: IntervalPercentiles:count ( 50% 90% Max ) TotalPercentiles:count ( 50% 90% 99% 99.9% 99.99% Max )
5.325: I:4197 (   0.115   0.229   3.015 ) T:4197 (   0.115   0.229   0.573   2.015   3.015   3.015 )
10.324: I:4403 (   0.082   0.115  12.124 ) T:8600 (   0.082   0.213   2.048   9.110  12.124  12.124 )
15.323: I:4403 (   0.082   0.115   6.914 ) T:13003 (   0.082   0.197   1.622   8.061  11.141  12.124 )
20.323: I:4402 (   0.066   0.115   9.110 ) T:17405 (   0.082   0.180   1.589   8.061  11.141  12.124 )
25.324: I:4379 (   0.066   0.115   8.978 ) T:21784 (   0.082   0.164   1.622   7.995  11.141  12.124 )
30.324: I:4386 (   0.082   0.115  10.289 ) T:26170 (   0.082   0.147   1.491   7.995  11.141  12.124 )
35.323: I:4397 (   0.066   0.115   9.765 ) T:30567 (   0.082   0.147   1.573   7.995  10.289  12.124 )
40.323: I:4380 (   0.082   0.115   6.652 ) T:34947 (   0.082   0.131   1.540   7.733  10.289  12.124 )
45.323: I:4373 (   0.082   0.115   7.537 ) T:39320 (   0.082   0.131   1.556   7.537  10.289  12.124 )
50.323: I:4387 (   0.082   0.115   7.569 ) T:43707 (   0.082   0.131   1.524   7.307  10.158  12.124 )
55.323: I:4380 (   0.082   0.115   8.520 ) T:48087 (   0.082   0.131   1.458   7.274  10.158  12.124 )
60.323: I:4388 (   0.082   0.115   8.847 ) T:52475 (   0.082   0.131   1.458   7.143  10.158  12.124 )
65.323: I:4384 (   0.082   0.131  11.993 ) T:56859 (   0.082   0.131   1.458   7.307  10.289  12.124 )
70.323: I:4387 (   0.066   0.115  11.534 ) T:61246 (   0.082   0.131   1.524   7.471  10.551  12.124 )
75.323: I:4410 (   0.082   0.115   7.930 ) T:65656 (   0.082   0.131   1.507   7.307  10.551  12.124 )
80.323: I:4407 (   0.066   0.115  11.665 ) T:70063 (   0.082   0.131   1.589   7.307  10.682  12.124 )
85.323: I:4415 (   0.066   0.115   9.241 ) T:74478 (   0.082   0.131   1.606   7.307  10.682  12.124 )
90.323: I:4391 (   0.082   0.115   7.045 ) T:78869 (   0.082   0.131   1.622   7.242  10.682  12.124 )
95.323: I:4401 (   0.082   0.115   8.520 ) T:83270 (   0.082   0.131   1.606   7.143  10.551  12.124 )
100.324: I:4420 (   0.066   0.115   7.799 ) T:87690 (   0.082   0.131   1.589   7.143  10.551  12.124 )
105.325: I:4420 (   0.066   0.115  12.517 ) T:92110 (   0.082   0.131   1.573   7.143  10.682  12.517 )
110.324: I:4387 (   0.082   0.115   9.503 ) T:96497 (   0.082   0.131   1.556   7.143  10.682  12.517 )
115.323: I:4405 (   0.082   0.115   7.569 ) T:100902 (   0.082   0.131   1.540   7.111  10.551  12.517 )
120.324: I:4407 (   0.066   0.115   4.522 ) T:105309 (   0.082   0.131   1.475   7.045  10.551  12.517 )
125.325: I:4402 (   0.082   0.115   9.961 ) T:109711 (   0.082   0.131   1.458   7.045  10.551  12.517 )
130.324: I:4404 (   0.066   0.115   9.175 ) T:114115 (   0.082   0.131   1.475   7.012  10.551  12.517 )
135.324: I:4407 (   0.066   0.115  10.879 ) T:118522 (   0.082   0.131   1.507   7.143  10.551  12.517 )
140.324: I:4414 (   0.098   0.147  10.289 ) T:122936 (   0.082   0.131   1.475   7.143  10.551  12.517 )
145.324: I:4421 (   0.098   0.147   6.554 ) T:127357 (   0.082   0.131   1.458   7.078  10.551  12.517 )
150.324: I:4429 (   0.098   0.147   9.306 ) T:131786 (   0.082   0.131   1.425   7.045  10.289  12.517 )
155.324: I:4402 (   0.115   0.147  11.338 ) T:136188 (   0.082   0.131   1.425   7.111  10.551  12.517 )
160.324: I:4382 (   0.115   0.164   8.782 ) T:140570 (   0.082   0.131   1.425   7.078  10.355  12.517 )
165.324: I:4496 (   0.066   0.164   0.918 ) T:145066 (   0.082   0.131   1.376   7.012  10.355  12.517 )
170.324: I:4595 (   0.066   0.082   2.064 ) T:149661 (   0.082   0.131   1.311   6.980  10.355  12.517 )
175.324: I:4551 (   0.066   0.147   2.343 ) T:154212 (   0.082   0.131   1.262   6.881  10.289  12.517 )
180.324: I:4534 (   0.066   0.147   1.425 ) T:158746 (   0.082   0.131   1.196   6.783  10.289  12.517 )
185.323: I:4380 (   0.131   0.164   1.720 ) T:163126 (   0.082   0.131   1.130   6.717  10.289  12.517 )
190.323: I:4390 (   0.131   0.164   6.488 ) T:167516 (   0.082   0.147   1.114   6.717  10.289  12.517 )
195.323: I:4375 (   0.131   0.164   2.982 ) T:171891 (   0.082   0.147   1.081   6.685  10.158  12.517 )
200.323: I:4381 (   0.131   0.164   8.290 ) T:176272 (   0.082   0.147   1.065   6.685  10.158  12.517 )
205.323: I:4389 (   0.131   0.164   4.145 ) T:180661 (   0.082   0.147   1.032   6.652  10.158  12.517 )
210.324: I:4385 (   0.131   0.164   3.473 ) T:185046 (   0.082   0.147   0.999   6.554  10.158  12.517 )
215.325: I:4383 (   0.131   0.164   5.505 ) T:189429 (   0.082   0.147   0.967   6.554  10.158  12.517 )
220.324: I:4382 (   0.131   0.164   3.015 ) T:193811 (   0.082   0.147   0.934   6.521   9.961  12.517 )
225.323: I:4381 (   0.131   0.164   6.324 ) T:198192 (   0.082   0.147   0.918   6.488   9.961  12.517 )
230.324: I:4383 (   0.131   0.164   8.716 ) T:202575 (   0.082   0.147   0.934   6.488   9.961  12.517 )
235.325: I:4380 (   0.131   0.180   6.390 ) T:206955 (   0.082   0.147   0.901   6.488   9.961  12.517 )
240.324: I:4358 (   0.131   0.197   3.539 ) T:211313 (   0.098   0.147   0.836   6.390   9.961  12.517 )
245.323: I:4365 (   0.131   0.180   2.654 ) T:215678 (   0.098   0.147   0.819   6.390   9.961  12.517 )
250.323: I:4358 (   0.131   0.180   2.507 ) T:220036 (   0.098   0.147   0.786   6.324   9.830  12.517 )
255.323: I:4376 (   0.131   0.180   4.030 ) T:224412 (   0.098   0.147   0.770   6.291   9.830  12.517 )
260.324: I:4370 (   0.131   0.180   4.260 ) T:228782 (   0.098   0.147   0.754   6.291   9.830  12.517 )
265.324: I:4372 (   0.131   0.164   7.897 ) T:233154 (   0.098   0.147   0.754   6.259   9.765  12.517 )
270.323: I:4373 (   0.131   0.164   5.833 ) T:237527 (   0.098   0.147   0.737   6.193   9.765  12.517 )
275.323: I:4382 (   0.131   0.164   6.619 ) T:241909 (   0.098   0.164   0.737   6.160   9.699  12.517 )
280.323: I:4395 (   0.131   0.164   8.913 ) T:246304 (   0.098   0.164   0.721   6.128   9.699  12.517 )
285.324: I:4377 (   0.131   0.164   6.914 ) T:250681 (   0.098   0.164   0.721   6.128   9.568  12.517 )
290.324: I:4384 (   0.131   0.164   5.964 ) T:255065 (   0.098   0.164   0.721   6.095   9.568  12.517 )
295.323: I:4373 (   0.131   0.164   7.373 ) T:259438 (   0.098   0.164   0.721   6.062   9.568  12.517 )
300.323: I:4391 (   0.131   0.164   3.457 ) T:263829 (   0.098   0.164   0.705   6.029   9.503  12.517 )
305.323: I:4382 (   0.131   0.164   2.884 ) T:268211 (   0.098   0.164   0.688   5.997   9.503  12.517 )
310.323: I:4383 (   0.131   0.164   6.816 ) T:272594 (   0.098   0.164   0.688   5.964   9.503  12.517 )
315.323: I:4384 (   0.131   0.164   6.717 ) T:276978 (   0.098   0.164   0.672   5.964   9.503  12.517 )
320.324: I:4403 (   0.131   0.164  10.420 ) T:281381 (   0.098   0.164   0.688   5.964   9.503  12.517 )
325.324: I:4394 (   0.131   0.164   2.081 ) T:285775 (   0.098   0.164   0.672   5.964   9.503  12.517 )
330.323: I:4375 (   0.131   0.164   5.603 ) T:290150 (   0.098   0.164   0.672   5.898   9.437  12.517 )
335.323: I:4407 (   0.131   0.164   3.047 ) T:294557 (   0.098   0.164   0.672   5.898   9.437  12.517 )
340.324: I:4388 (   0.131   0.164   8.290 ) T:298945 (   0.098   0.164   0.672   5.898   9.437  12.517 )
345.325: I:4383 (   0.131   0.164   6.947 ) T:303328 (   0.098   0.164   0.672   5.898   9.437  12.517 )
350.324: I:4382 (   0.131   0.164  11.403 ) T:307710 (   0.098   0.164   0.688   5.931   9.503  12.517 )
355.324: I:4386 (   0.131   0.164   6.357 ) T:312096 (   0.098   0.164   0.688   5.931   9.437  12.517 )
360.325: I:4403 (   0.131   0.164   7.471 ) T:316499 (   0.098   0.164   0.688   5.898   9.437  12.517 )
365.324: I:4388 (   0.131   0.164   6.521 ) T:320887 (   0.098   0.164   0.688   5.898   9.437  12.517 )
370.323: I:4386 (   0.131   0.164   7.733 ) T:325273 (   0.098   0.164   0.688   5.898   9.437  12.517 )
375.324: I:4396 (   0.131   0.164   6.390 ) T:329669 (   0.098   0.164   0.705   5.865   9.437  12.517 )
380.324: I:4383 (   0.131   0.164   9.241 ) T:334052 (   0.098   0.164   0.688   5.865   9.372  12.517 )
385.323: I:4399 (   0.131   0.164   8.290 ) T:338451 (   0.098   0.164   0.705   5.865   9.372  12.517 )
390.323: I:4385 (   0.131   0.164   7.045 ) T:342836 (   0.098   0.164   0.688   5.833   9.372  12.517 )
395.323: I:4376 (   0.131   0.164   7.340 ) T:347212 (   0.098   0.164   0.688   5.800   9.372  12.517 )
400.324: I:4403 (   0.131   0.164   8.847 ) T:351615 (   0.098   0.164   0.688   5.800   9.372  12.517 )
405.325: I:4482 (   0.098   0.164  10.027 ) T:356097 (   0.098   0.164   0.688   5.800   9.372  12.517 )
410.324: I:4404 (   0.115   0.180   2.195 ) T:360501 (   0.098   0.164   0.672   5.767   9.372  12.517 )
415.323: I:4438 (   0.098   0.164   2.720 ) T:364939 (   0.098   0.164   0.655   5.734   9.372  12.517 )
420.323: I:4444 (   0.098   0.164   1.163 ) T:369383 (   0.098   0.164   0.655   5.702   9.372  12.517 )
425.324: I:4430 (   0.098   0.164   2.146 ) T:373813 (   0.098   0.164   0.639   5.702   9.306  12.517 )
